	HAandNandS.SSJ.185	HAandNnoS.SSJ.178	HAandNandS.SSJ.187	HAandNnoS.SSJ.179	HI.SSJ.25	HI.SSJ.23	HI.SSJ.22	HI.SSJ.24	HAandNandS.SSJ.189	HAandNandS.SSJ.188	HSnoNnoS.SSJ.158	HAandNnoS.SSJ.172	HAnoNandS.SSJ.161	HSnoNnoS.SSJ.159	HSnoNnoS.SSJ.157	HAnoNandS.SSJ.162	HAnoNandS.SSJ.164	HSnoNnoS.SSJ.153	HSnoNnoS.SSJ.151	HAnoNandS.SSJ.163	HI.SSJ.28	HAnoNandS.SSJ.165	HSnoNnoS.SSJ.152	HAandNnoS.SSJ.176	HI.SSJ.30	HI.SSJ.26	HSnoNnoS.SSJ.156	HAandNandS.SSJ.182	HAandNnoS.SSJ.180	HI.SSJ.27	HSnoNnoS.SSJ.155	HI.SSJ.29	HSnoNandS.SSJ.167	HI.SSJ.21
HAandNandS.SSJ.185	0.0	0.177708736601	0.170711661998	0.170711661998	0.170711661998	0.170711661998	0.209771768316	0.170711661998	0.170711661998	0.261604948499	0.177976161439	0.253092114747	0.170711661998	0.207518930694	0.17406422298	0.170711661998	0.170711661998	0.284379221874	0.152110833431	1.0	0.187932723972	0.170711661998	0.297376973915	0.128367696194	0.170711661998	0.270081002642	0.218862398885	0.152110833431	0.0427009942714	0.190055733931	0.289600316679	0.170711661998	0.170711661998	0.170711661998
HAandNnoS.SSJ.178	0.177708736601	0.0	0.0565753320104	0.0565753320104	0.0565753320104	0.0565753320104	0.106801553609	0.0565753320104	0.0565753320104	0.258115644262	0.0687495394591	0.202876155035	0.0565753320104	0.200088611801	0.317252370276	0.0565753320104	0.0565753320104	0.373216123393	0.0354144405434	1.0	0.0815073222137	0.0565753320104	0.392082351243	0.114195097163	0.0565753320104	0.185223389852	0.251325493913	0.0354144405434	0.173135744312	0.181238055133	0.3720404462	0.0565753320104	0.0565753320104	0.0565753320104
HAandNandS.SSJ.187	0.170711661998	0.0565753320104	0.0	0.0	0.0	0.0	0.0562511929758	0.0	0.0	0.254073381208	0.056935225452	0.196858451642	0.0	0.193964884824	0.315061092179	0.0	0.0	0.37252687285	0.021937806615	1.0	0.0703057425445	0.0	0.39184501845	0.10450437397	0.0	0.178523958264	0.247053269576	0.021937806615	0.165955365125	0.174381324517	0.371322126999	0.0	0.0	0.0
HAandNnoS.SSJ.179	0.170711661998	0.0565753320104	0.0	0.0	0.0	0.0	0.0562511929758	0.0	0.0	0.254073381208	0.056935225452	0.196858451642	0.0	0.193964884824	0.315061092179	0.0	0.0	0.37252687285	0.021937806615	1.0	0.0703057425445	0.0	0.39184501845	0.10450437397	0.0	0.178523958264	0.247053269576	0.021937806615	0.165955365125	0.174381324517	0.371322126999	0.0	0.0	0.0
HI.SSJ.25	0.170711661998	0.0565753320104	0.0	0.0	0.0	0.0	0.0562511929758	0.0	0.0	0.254073381208	0.056935225452	0.196858451642	0.0	0.193964884824	0.315061092179	0.0	0.0	0.37252687285	0.021937806615	1.0	0.0703057425445	0.0	0.39184501845	0.10450437397	0.0	0.178523958264	0.247053269576	0.021937806615	0.165955365125	0.174381324517	0.371322126999	0.0	0.0	0.0
HI.SSJ.23	0.170711661998	0.0565753320104	0.0	0.0	0.0	0.0	0.0562511929758	0.0	0.0	0.254073381208	0.056935225452	0.196858451642	0.0	0.193964884824	0.315061092179	0.0	0.0	0.37252687285	0.021937806615	1.0	0.0703057425445	0.0	0.39184501845	0.10450437397	0.0	0.178523958264	0.247053269576	0.021937806615	0.165955365125	0.174381324517	0.371322126999	0.0	0.0	0.0
HI.SSJ.22	0.209771768316	0.106801553609	0.0562511929758	0.0562511929758	0.0562511929758	0.0562511929758	0.0	0.0562511929758	0.0562511929758	0.219337994778	0.107124153499	0.159808797881	0.0562511929758	0.145921977144	0.282847218393	0.0562511929758	0.0562511929758	0.335126971839	0.0758145012056	1.0	0.119118459263	0.0562511929758	0.362886042468	0.149879642366	0.0562511929758	0.140743187448	0.231609221229	0.0758145012056	0.205454136402	0.158775972056	0.341484406642	0.0562511929758	0.0562511929758	0.0562511929758
HI.SSJ.24	0.170711661998	0.0565753320104	0.0	0.0	0.0	0.0	0.0562511929758	0.0	0.0	0.254073381208	0.056935225452	0.196858451642	0.0	0.193964884824	0.315061092179	0.0	0.0	0.37252687285	0.021937806615	1.0	0.0703057425445	0.0	0.39184501845	0.10450437397	0.0	0.178523958264	0.247053269576	0.021937806615	0.165955365125	0.174381324517	0.371322126999	0.0	0.0	0.0
HAandNandS.SSJ.189	0.170711661998	0.0565753320104	0.0	0.0	0.0	0.0	0.0562511929758	0.0	0.0	0.254073381208	0.056935225452	0.196858451642	0.0	0.193964884824	0.315061092179	0.0	0.0	0.37252687285	0.021937806615	1.0	0.0703057425445	0.0	0.39184501845	0.10450437397	0.0	0.178523958264	0.247053269576	0.021937806615	0.165955365125	0.174381324517	0.371322126999	0.0	0.0	0.0
HAandNandS.SSJ.188	0.261604948499	0.258115644262	0.254073381208	0.254073381208	0.254073381208	0.254073381208	0.219337994778	0.254073381208	0.254073381208	0.0	0.258333333333	0.280414811627	0.254073381208	0.207488869226	0.312247086929	0.254073381208	0.254073381208	0.363532795669	0.237342345061	1.0	0.266448036683	0.254073381208	0.381008797911	0.213752242054	0.254073381208	0.266865827087	0.277797355678	0.237342345061	0.258122242877	0.218868670328	0.402041963902	0.254073381208	0.254073381208	0.254073381208
HSnoNnoS.SSJ.158	0.177976161439	0.0687495394591	0.056935225452	0.056935225452	0.056935225452	0.056935225452	0.107124153499	0.056935225452	0.056935225452	0.258333333333	0.0	0.203127463035	0.056935225452	0.200341680244	0.317436742189	0.056935225452	0.056935225452	0.334644719977	0.0357824063478	1.0	0.0818409677068	0.056935225452	0.39222852746	0.11450542136	0.056935225452	0.185485949987	0.201595955289	0.0357824063478	0.173406151381	0.181503189664	0.333367240546	0.056935225452	0.056935225452	0.056935225452
HAandNnoS.SSJ.172	0.253092114747	0.202876155035	0.196858451642	0.196858451642	0.196858451642	0.196858451642	0.159808797881	0.196858451642	0.196858451642	0.280414811627	0.203127463035	0.0	0.196858451642	0.104840326286	0.2822208808	0.196858451642	0.196858451642	0.338396154939	0.178844092135	1.0	0.212487537388	0.196858451642	0.290081269674	0.236639838123	0.196858451642	0.216143353211	0.189414962501	0.178844092135	0.220358452498	0.116764099304	0.266790283701	0.196858451642	0.196858451642	0.196858451642
HAnoNandS.SSJ.161	0.170711661998	0.0565753320104	0.0	0.0	0.0	0.0	0.0562511929758	0.0	0.0	0.254073381208	0.056935225452	0.196858451642	0.0	0.193964884824	0.315061092179	0.0	0.0	0.37252687285	0.021937806615	1.0	0.0703057425445	0.0	0.39184501845	0.10450437397	0.0	0.178523958264	0.247053269576	0.021937806615	0.165955365125	0.174381324517	0.371322126999	0.0	0.0	0.0
HSnoNnoS.SSJ.159	0.207518930694	0.200088611801	0.193964884824	0.193964884824	0.193964884824	0.193964884824	0.145921977144	0.193964884824	0.193964884824	0.207488869226	0.200341680244	0.104840326286	0.193964884824	0.0	0.242464527338	0.193964884824	0.193964884824	0.29563504129	0.175885622993	1.0	0.209766925638	0.193964884824	0.253275697387	0.15213634562	0.193964884824	0.213596942525	0.107790408367	0.175885622993	0.172836888027	0.0237198611043	0.27604339848	0.193964884824	0.193964884824	0.193964884824
HSnoNnoS.SSJ.157	0.17406422298	0.317252370276	0.315061092179	0.315061092179	0.315061092179	0.315061092179	0.282847218393	0.315061092179	0.315061092179	0.312247086929	0.317436742189	0.2822208808	0.315061092179	0.242464527338	0.0	0.315061092179	0.315061092179	0.270804223836	0.299698002383	1.0	0.263264344887	0.315061092179	0.304584115763	0.276528679654	0.315061092179	0.321724247227	0.22098905637	0.299698002383	0.178774277561	0.253293128075	0.244220426978	0.315061092179	0.315061092179	0.315061092179
HAnoNandS.SSJ.162	0.170711661998	0.0565753320104	0.0	0.0	0.0	0.0	0.0562511929758	0.0	0.0	0.254073381208	0.056935225452	0.196858451642	0.0	0.193964884824	0.315061092179	0.0	0.0	0.37252687285	0.021937806615	1.0	0.0703057425445	0.0	0.39184501845	0.10450437397	0.0	0.178523958264	0.247053269576	0.021937806615	0.165955365125	0.174381324517	0.371322126999	0.0	0.0	0.0
HAnoNandS.SSJ.164	0.170711661998	0.0565753320104	0.0	0.0	0.0	0.0	0.0562511929758	0.0	0.0	0.254073381208	0.056935225452	0.196858451642	0.0	0.193964884824	0.315061092179	0.0	0.0	0.37252687285	0.021937806615	1.0	0.0703057425445	0.0	0.39184501845	0.10450437397	0.0	0.178523958264	0.247053269576	0.021937806615	0.165955365125	0.174381324517	0.371322126999	0.0	0.0	0.0
HSnoNnoS.SSJ.153	0.284379221874	0.373216123393	0.37252687285	0.37252687285	0.37252687285	0.37252687285	0.335126971839	0.37252687285	0.37252687285	0.363532795669	0.334644719977	0.338396154939	0.37252687285	0.29563504129	0.270804223836	0.37252687285	0.37252687285	0.0	0.358452732972	1.0	0.364552224935	0.37252687285	0.31919160105	0.335920328817	0.37252687285	0.374178228014	0.29360973305	0.358452732972	0.288593349116	0.313330819844	0.32713884993	0.37252687285	0.37252687285	0.37252687285
HSnoNnoS.SSJ.151	0.152110833431	0.0354144405434	0.021937806615	0.021937806615	0.021937806615	0.021937806615	0.0758145012056	0.021937806615	0.021937806615	0.237342345061	0.0357824063478	0.178844092135	0.021937806615	0.175885622993	0.299698002383	0.021937806615	0.021937806615	0.358452732972	0.0	1.0	0.0494528223835	0.021937806615	0.378204182042	0.0844185246228	0.021937806615	0.160098358477	0.230164773246	0.0	0.147247853444	0.155862805998	0.35722096483	0.021937806615	0.021937806615	0.021937806615
HAnoNandS.SSJ.163	1.0	1.0	1.0	1.0	1.0	1.0	1.0	1.0	1.0	1.0	1.0	1.0	1.0	1.0	1.0	1.0	1.0	1.0	1.0	0.0	1.0	1.0	1.0	1.0	1.0	1.0	1.0	1.0	1.0	1.0	1.0	1.0	1.0	1.0
HI.SSJ.28	0.187932723972	0.0815073222137	0.0703057425445	0.0703057425445	0.0703057425445	0.0703057425445	0.119118459263	0.0703057425445	0.0703057425445	0.266448036683	0.0818409677068	0.212487537388	0.0703057425445	0.209766925638	0.263264344887	0.0703057425445	0.0703057425445	0.364552224935	0.0494528223835	1.0	0.0	0.0703057425445	0.383668661811	0.126048095707	0.0703057425445	0.195262504378	0.259810237788	0.0494528223835	0.183473050023	0.191375007998	0.323779976095	0.0703057425445	0.0703057425445	0.0703057425445
HAnoNandS.SSJ.165	0.170711661998	0.0565753320104	0.0	0.0	0.0	0.0	0.0562511929758	0.0	0.0	0.254073381208	0.056935225452	0.196858451642	0.0	0.193964884824	0.315061092179	0.0	0.0	0.37252687285	0.021937806615	1.0	0.0703057425445	0.0	0.39184501845	0.10450437397	0.0	0.178523958264	0.247053269576	0.021937806615	0.165955365125	0.174381324517	0.371322126999	0.0	0.0	0.0
HSnoNnoS.SSJ.152	0.297376973915	0.392082351243	0.39184501845	0.39184501845	0.39184501845	0.39184501845	0.362886042468	0.39184501845	0.39184501845	0.381008797911	0.39222852746	0.290081269674	0.39184501845	0.253275697387	0.304584115763	0.39184501845	0.39184501845	0.31919160105	0.378204182042	1.0	0.383668661811	0.39184501845	0.0	0.355938531204	0.39184501845	0.316400718714	0.312287551677	0.378204182042	0.270836408364	0.263394833948	0.329667804965	0.39184501845	0.39184501845	0.39184501845
HAandNnoS.SSJ.176	0.128367696194	0.114195097163	0.10450437397	0.10450437397	0.10450437397	0.10450437397	0.149879642366	0.10450437397	0.10450437397	0.213752242054	0.11450542136	0.236639838123	0.10450437397	0.15213634562	0.276528679654	0.10450437397	0.10450437397	0.335920328817	0.0844185246228	1.0	0.126048095707	0.10450437397	0.355938531204	0.0	0.10450437397	0.220466005644	0.206543026706	0.0844185246228	0.123510612145	0.13211619604	0.378901093578	0.10450437397	0.10450437397	0.10450437397
HI.SSJ.30	0.170711661998	0.0565753320104	0.0	0.0	0.0	0.0	0.0562511929758	0.0	0.0	0.254073381208	0.056935225452	0.196858451642	0.0	0.193964884824	0.315061092179	0.0	0.0	0.37252687285	0.021937806615	1.0	0.0703057425445	0.0	0.39184501845	0.10450437397	0.0	0.178523958264	0.247053269576	0.021937806615	0.165955365125	0.174381324517	0.371322126999	0.0	0.0	0.0
HI.SSJ.26	0.270081002642	0.185223389852	0.178523958264	0.178523958264	0.178523958264	0.178523958264	0.140743187448	0.178523958264	0.178523958264	0.266865827087	0.185485949987	0.216143353211	0.178523958264	0.213596942525	0.321724247227	0.178523958264	0.178523958264	0.374178228014	0.160098358477	1.0	0.195262504378	0.178523958264	0.316400718714	0.220466005644	0.178523958264	0.0	0.286488399956	0.160098358477	0.266479968658	0.225542353845	0.37307083846	0.178523958264	0.178523958264	0.178523958264
HSnoNnoS.SSJ.156	0.218862398885	0.251325493913	0.247053269576	0.247053269576	0.247053269576	0.247053269576	0.231609221229	0.247053269576	0.247053269576	0.277797355678	0.201595955289	0.189414962501	0.247053269576	0.107790408367	0.22098905637	0.247053269576	0.247053269576	0.29360973305	0.230164773246	1.0	0.259810237788	0.247053269576	0.312287551677	0.206543026706	0.247053269576	0.286488399956	0.0	0.230164773246	0.223695995223	0.0880211981848	0.250381901506	0.247053269576	0.247053269576	0.247053269576
HAandNandS.SSJ.182	0.152110833431	0.0354144405434	0.021937806615	0.021937806615	0.021937806615	0.021937806615	0.0758145012056	0.021937806615	0.021937806615	0.237342345061	0.0357824063478	0.178844092135	0.021937806615	0.175885622993	0.299698002383	0.021937806615	0.021937806615	0.358452732972	0.0	1.0	0.0494528223835	0.021937806615	0.378204182042	0.0844185246228	0.021937806615	0.160098358477	0.230164773246	0.0	0.147247853444	0.155862805998	0.35722096483	0.021937806615	0.021937806615	0.021937806615
HAandNnoS.SSJ.180	0.0427009942714	0.173135744312	0.165955365125	0.165955365125	0.165955365125	0.165955365125	0.205454136402	0.165955365125	0.165955365125	0.258122242877	0.173406151381	0.220358452498	0.165955365125	0.172836888027	0.178774277561	0.165955365125	0.165955365125	0.288593349116	0.147247853444	1.0	0.183473050023	0.165955365125	0.270836408364	0.123510612145	0.165955365125	0.266479968658	0.223695995223	0.147247853444	0.0	0.154195257199	0.2938062074	0.165955365125	0.165955365125	0.165955365125
HI.SSJ.27	0.190055733931	0.181238055133	0.174381324517	0.174381324517	0.174381324517	0.174381324517	0.158775972056	0.174381324517	0.174381324517	0.218868670328	0.181503189664	0.116764099304	0.174381324517	0.0237198611043	0.253293128075	0.174381324517	0.174381324517	0.313330819844	0.155862805998	1.0	0.191375007998	0.174381324517	0.263394833948	0.13211619604	0.174381324517	0.225542353845	0.0880211981848	0.155862805998	0.154195257199	0.0	0.28632219597	0.174381324517	0.174381324517	0.174381324517
HSnoNnoS.SSJ.155	0.289600316679	0.3720404462	0.371322126999	0.371322126999	0.371322126999	0.371322126999	0.341484406642	0.371322126999	0.371322126999	0.402041963902	0.333367240546	0.266790283701	0.371322126999	0.27604339848	0.244220426978	0.371322126999	0.371322126999	0.32713884993	0.35722096483	1.0	0.323779976095	0.371322126999	0.329667804965	0.378901093578	0.371322126999	0.37307083846	0.250381901506	0.35722096483	0.2938062074	0.28632219597	0.0	0.371322126999	0.371322126999	0.371322126999
HI.SSJ.29	0.170711661998	0.0565753320104	0.0	0.0	0.0	0.0	0.0562511929758	0.0	0.0	0.254073381208	0.056935225452	0.196858451642	0.0	0.193964884824	0.315061092179	0.0	0.0	0.37252687285	0.021937806615	1.0	0.0703057425445	0.0	0.39184501845	0.10450437397	0.0	0.178523958264	0.247053269576	0.021937806615	0.165955365125	0.174381324517	0.371322126999	0.0	0.0	0.0
HSnoNandS.SSJ.167	0.170711661998	0.0565753320104	0.0	0.0	0.0	0.0	0.0562511929758	0.0	0.0	0.254073381208	0.056935225452	0.196858451642	0.0	0.193964884824	0.315061092179	0.0	0.0	0.37252687285	0.021937806615	1.0	0.0703057425445	0.0	0.39184501845	0.10450437397	0.0	0.178523958264	0.247053269576	0.021937806615	0.165955365125	0.174381324517	0.371322126999	0.0	0.0	0.0
HI.SSJ.21	0.170711661998	0.0565753320104	0.0	0.0	0.0	0.0	0.0562511929758	0.0	0.0	0.254073381208	0.056935225452	0.196858451642	0.0	0.193964884824	0.315061092179	0.0	0.0	0.37252687285	0.021937806615	1.0	0.0703057425445	0.0	0.39184501845	0.10450437397	0.0	0.178523958264	0.247053269576	0.021937806615	0.165955365125	0.174381324517	0.371322126999	0.0	0.0	0.0